 9069.67440000   -0.00023656  0.00246095  CARMENES 
 9073.67030000   0.00160960  0.00492539  CARMENES 
 9095.67130000   -0.00061865  0.00217507  CARMENES 
 9097.67490000   -0.00085162  0.00283680  CARMENES 
 9098.67540000   0.00159892  0.00182202  CARMENES 
 9099.66930000   -0.00184039  0.00216524  CARMENES 
 9101.68590000   -0.00053060  0.00265862  CARMENES 
 9102.68450000   -0.00142399  0.00373034  CARMENES 
 9103.67770000   0.00090120  0.00188068  CARMENES 
 9114.71060000   0.00189028  0.00328313  CARMENES 
 9118.69660000   -0.00217297  0.00249057  CARMENES 
 9120.67460000   0.00077367  0.00198843  CARMENES 
 9121.63520000   0.00100799  0.00193942  CARMENES 
 9122.68410000   -0.00063851  0.00186112  CARMENES 
 9127.68770000   0.00104938  0.00263884  CARMENES 
 9128.62230000   -0.00056100  0.00187090  CARMENES 
 9131.67230000   0.00016929  0.00185134  CARMENES 
 9132.67020000   0.00195543  0.00282690  CARMENES 
 9138.64850000   0.00171461  0.00335265  CARMENES 
 9139.44640000   -0.00080788  0.00293589  CARMENES 
 9139.54690000   0.00048799  0.00170498  CARMENES 
 9139.62410000   -0.00018517  0.00295571  CARMENES 
 9139.72920000   0.00006564  0.00194922  CARMENES 
 9140.51960000   -0.00021717  0.00158838  CARMENES 
 9140.59650000   -0.00083603  0.00169524  CARMENES 
 9140.69630000   -0.00249915  0.00176345  CARMENES 
 9141.51710000   -0.00093025  0.00282690  CARMENES 
 9141.57920000   -0.00047958  0.00280709  CARMENES 
 9141.63970000   -0.00044856  0.00302512  CARMENES 
 9141.70270000   0.00219045  0.00261906  CARMENES 
 9142.51870000   0.00250168  0.00276748  CARMENES 
 9146.51840000   0.00001804  0.00293589  CARMENES 
 9146.60250000   0.00059863  0.00201786  CARMENES 
 9147.40800000   0.00042872  0.00215540  CARMENES 
 9147.51260000   -0.00004818  0.00288634  CARMENES 
 9149.41080000   -0.00190194  0.00297554  CARMENES 
 9149.50240000   -0.00219889  0.00251033  CARMENES 
 9149.59150000   -0.00147846  0.00278728  CARMENES 
 9149.69620000   -0.00266449  0.00396911  CARMENES 
 9150.38950000   -0.00188595  0.00233267  CARMENES 
 9151.62390000   0.00078457  0.00182202  CARMENES 
 9151.73090000   -0.00058766  0.00200805  CARMENES 
 9152.46450000   0.00194043  0.00178296  CARMENES 
 9153.38200000   0.00060589  0.00243133  CARMENES 
 9153.47170000   -0.00094202  0.00208659  CARMENES 
 9154.49920000   -0.00007272  0.00180248  CARMENES 
 9154.62010000   -0.00016143  0.00177320  CARMENES 
 9156.45180000   0.00031634  0.00164662  CARMENES 
 9156.58530000   0.00043950  0.00165634  CARMENES 
 9161.35990000   0.00078725  0.00328313  CARMENES 
 9161.45050000   0.00350194  0.00398902  CARMENES 
 9161.57320000   -0.00046890  0.00167578  CARMENES 
 9161.67240000   0.00182639  0.00221444  CARMENES 
 9163.37740000   0.00052404  0.00301520  CARMENES 
 9163.49920000   -0.00049011  0.00305487  CARMENES 
 9173.89166300   0.00181936  0.00197494  MXB 2020 
 9173.98061900   0.00016514  0.00152993  MXB 2020 
 9180.87360100   0.00024110  0.00131966  MXB 2020 
 9180.95909500   0.00179789  0.00130223  MXB 2020 
 9181.03144600   0.00102579  0.00152505  MXB 2020 
 9181.84025000   0.00052501  0.00183207  MXB 2020 
 9181.93144000   0.00108094  0.00138081  MXB 2020 
 9182.01258800   0.00100403  0.00203316  MXB 2020 
 9182.81351100   -0.00007572  0.00217246  MXB 2020 
 9182.89215700   0.00198776  0.00154948  MXB 2020 
 9182.97942800   0.00096818  0.00146941  MXB 2020 
 9183.07998700   0.00029849  0.00205981  MXB 2020 
 9183.76783100   0.00071158  0.00228524  MXB 2020 
 9183.99423600   0.00073486  0.00155535  MXB 2020 
 9184.07505300   0.00152327  0.00197198  MXB 2020 
 9185.03483500   0.00122225  0.00116142  MXB 2020 
 9173.89166300   0.00044207  0.00120817  MXR 2020 
 9173.98061900   -0.00121215  0.00097781  MXR 2020 
 9180.87360100   -0.00113618  0.00084485  MXR 2020 
 9180.95909500   0.00042060  0.00084485  MXR 2020 
 9181.03144600   -0.00035150  0.00092393  MXR 2020 
 9181.84025000   -0.00085228  0.00110560  MXR 2020 
 9181.93144000   -0.00029635  0.00087312  MXR 2020 
 9182.01258800   -0.00037326  0.00122793  MXR 2020 
 9182.81351100   -0.00145301  0.00127339  MXR 2020 
 9182.89215700   0.00061047  0.00095429  MXR 2020 
 9182.97942800   -0.00040911  0.00090242  MXR 2020 
 9183.07998700   -0.00107880  0.00110462  MXR 2020 
 9183.76783100   -0.00066571  0.00111644  MXR 2020 
 9183.83016000   0.00072981  0.00163717  MXR 2020 
 9183.99423600   -0.00064243  0.00092100  MXR 2020 
 9184.07505300   0.00014598  0.00106426  MXR 2020 
 9185.03483500   -0.00015504  0.00067457  MXR 2020 
 9515.03853500   -0.00014674  0.00159573  MXB 2021 
 9520.12791300   -0.00063302  0.00174172  MXB 2021 
 9525.86479500   0.00037021  0.00206620  MXB 2021 
 9529.92015500   -0.00088862  0.00175039  MXB 2021 
 9537.98931800   -0.00045595  0.00148478  MXB 2021 
 9538.85193900   0.00045076  0.00167256  MXB 2021 
 9539.81052300   -0.00149013  0.00167717  MXB 2021 
 9539.85581000   -0.00039168  0.00152256  MXB 2021 
 9539.99340700   -0.00037385  0.00187682  MXB 2021 
 9540.05145100   0.00015519  0.00177099  MXB 2021 
 9515.03853500   0.00060875  0.00177853  MXR 2021 
 9520.12791300   0.00012247  0.00179027  MXR 2021 
 9525.86479500   0.00112570  0.00187822  MXR 2021 
 9529.92015500   -0.00013313  0.00181289  MXR 2021 
 9537.98931800   0.00029954  0.00173231  MXR 2021 
 9538.85193900   0.00120625  0.00176297  MXR 2021 
 9539.81052300   -0.00073464  0.00172822  MXR 2021 
 9539.85581000   0.00036381  0.00172095  MXR 2021 
 9539.99340700   0.00038164  0.00184637  MXR 2021 
 9540.05145100   0.00091068  0.00178895  MXR 2021 
 9119.98960300   0.00128460  0.00328430  IRD 
 9120.00035400   0.00180263  0.00367557  IRD 
 9123.01541500   -0.00038059  0.00312035  IRD 
 9123.02619000   -0.00066340  0.00318628  IRD 
 9123.03701500   -0.00095072  0.00316596  IRD 
 9153.02322600   0.00152467  0.00390193  IRD 
 9153.03398700   0.00134489  0.00363370  IRD 
 9156.94231400   0.00036760  0.00381467  IRD 
 9156.95302500   0.00051111  0.00383182  IRD 
 9157.02692200   0.00046298  0.00385456  IRD 
 9157.03760300   0.00030799  0.00382245  IRD 
 9188.86894200   0.00051795  0.00374437  IRD 
 9188.87962500   0.00070759  0.00512713  IRD 
 9188.95689200   0.00028204  0.00307395  IRD 
 9188.97109800   0.00062138  0.00346774  IRD 
 9188.98530600   0.00094577  0.00306658  IRD 
 9189.79770700   -0.00059714  0.00319465  IRD 
 9189.80840100   -0.00053605  0.00319036  IRD 
 9189.86777100   -0.00073300  0.00313878  IRD 
 9189.87845300   -0.00084919  0.00309596  IRD 
 9242.89031000   0.00046009  0.00411080  IRD 
 9242.90098900   0.00011726  0.00408765  IRD 
 9242.91167100   -0.00019885  0.00408775  IRD 
 9242.92235000   -0.00048602  0.00424329  IRD 
 9242.93303400   -0.00074270  0.00377847  IRD 
 9242.94373200   -0.00096761  0.00404725  IRD 
 9244.83737200   0.00016252  0.00399718  IRD 
 9244.84805100   -0.00011211  0.00378994  IRD 
 9244.85874800   -0.00037823  0.00377468  IRD 
 9244.92806500   0.00113631  0.00377149  IRD 
 9244.93874900   0.00102543  0.00381477  IRD 
 9247.74093000   -0.00025496  0.00489301  IRD 
 9247.74949800   -0.00008447  0.00460404  IRD 
 9247.75806500   0.00009787  0.00469327  IRD 
 9247.76664900   0.00029102  0.00529838  IRD 
