#date rv rv_err inst
9069.6744 0.0020115 0.00243 CARMENES
9073.6703 0.0020421 0.00491 CARMENES
9095.6713 0.0086685 0.00214 CARMENES
9097.6749 0.0049602 0.00281 CARMENES
9098.6754 0.0121226 0.00178 CARMENES
9099.6693 0.0022223 0.00213 CARMENES
9101.6859 0.0050989 0.00263 CARMENES
9102.6845 -0.0100315 0.00371 CARMENES
9103.6777 0.0043804 0.00184 CARMENES
9114.7106 0.0092846 0.00326 CARMENES
9118.6966 0.0028883 0.00246 CARMENES
9120.6746 -0.0048877 0.00195 CARMENES
9121.6352 0.0001223 0.0019 CARMENES
9122.6841 -0.0046396 0.00182 CARMENES
9127.6877 0.0020991 0.00261 CARMENES
9128.6223 -0.0031676 0.00183 CARMENES
9131.6723 0.0015091 0.00181 CARMENES
9132.6702 0.0139341 0.0028 CARMENES
9138.6485 -0.0011529 0.00333 CARMENES
9139.4464 -0.0046423 0.00291 CARMENES
9139.5469 -0.0046423 0.00166 CARMENES
9139.6241 -0.0045632 0.00293 CARMENES
9139.7292 -0.0008904 0.00191 CARMENES
9140.5196 0.0013376 0.00154 CARMENES
9140.5965 0.0006121 0.00165 CARMENES
9140.6963 -0.0037923 0.00172 CARMENES
9141.5171 -0.0113996 0.0028 CARMENES
9141.5792 -0.0113996 0.00278 CARMENES
9141.6397 -0.01061 0.003 CARMENES
9141.7027 -0.0060255 0.00259 CARMENES
9142.5187 0.0089912 0.00274 CARMENES
9146.5184 -0.0027031 0.00291 CARMENES
9146.6025 -0.000973 0.00198 CARMENES
9147.408 0.0035937 0.00212 CARMENES
9147.5126 0.0009231 0.00286 CARMENES
9149.4108 -0.0030401 0.00295 CARMENES
9149.5024 -0.0052218 0.00248 CARMENES
9149.5915 -0.0052218 0.00276 CARMENES
9149.6962 -0.0042938 0.00395 CARMENES
9150.3895 0.0058167 0.0023 CARMENES
9151.6239 0.0006513 0.00178 CARMENES
9151.7309 0.0006516 0.00197 CARMENES
9152.4645 0.0121942 0.00174 CARMENES
9153.382 0.0158617 0.0024 CARMENES
9153.4717 0.010668 0.00205 CARMENES
9154.4992 0.0018791 0.00176 CARMENES
9154.6201 0.0047586 0.00173 CARMENES
9156.4518 -0.0044803 0.0016 CARMENES
9156.5853 -0.0023784 0.00161 CARMENES
9161.3599 0.0062205 0.00326 CARMENES
9161.4505 0.0062205 0.00397 CARMENES
9161.5732 -0.0028177 0.00163 CARMENES
9161.6724 -0.0028177 0.00218 CARMENES
9163.3774 0.0115332 0.00299 CARMENES
9163.4992 0.0073787 0.00303 CARMENES
9173.891663 0.0050472 0.001948 MXB_20
9173.980619 0.0050472 0.001495 MXB_20
9180.873601 0.0033792 0.001279 MXB_20
9180.959095 0.0033792 0.001261 MXB_20
9181.031446 0.0019784 0.00149 MXB_20
9181.84025 0.0047295 0.001803 MXB_20
9181.93144 0.0072019 0.001342 MXB_20
9182.012588 0.0083717 0.002007 MXB_20
9182.813511 -0.0002841 0.002148 MXB_20
9182.892157 -0.0002841 0.001515 MXB_20
9182.979428 -0.0037526 0.001433 MXB_20
9183.079987 -0.0053288 0.002034 MXB_20
9183.767831 0.0027282 0.002262 MXB_20
9183.994236 0.010044 0.001521 MXB_20
9184.075053 0.0122413 0.001945 MXB_20
9185.034835 -0.0023323 0.001115 MXB_20
9173.891663 0.0050472 0.001193 MXR_20
9173.980619 0.0050472 0.000959 MXR_20
9180.873601 0.0033792 0.000823 MXR_20
9180.959095 0.0033792 0.000823 MXR_20
9181.031446 0.0019784 0.000904 MXR_20
9181.84025 0.0047295 0.001089 MXR_20
9181.93144 0.0072019 0.000852 MXR_20
9182.012588 0.0083717 0.001213 MXR_20
9182.813511 -0.0002841 0.001259 MXR_20
9182.892157 -0.0002841 0.000935 MXR_20
9182.979428 -0.0037526 0.000882 MXR_20
9183.079987 -0.0053288 0.001088 MXR_20
9183.767831 0.0027282 0.0011 MXR_20
9183.83016 0.0055614 0.001626 MXR_20
9183.994236 0.010044 0.000901 MXR_20
9184.075053 0.0122413 0.001047 MXR_20
9185.034835 -0.0023323 0.000647 MXR_20
9515.038535 -0.0060045 0.00118 MXB_21
9520.127913 -0.0008909 0.001371 MXB_21
9525.864795 0.0177224 0.001765 MXB_21
9529.920155 -0.0073941 0.001382 MXB_21
9537.989318 -0.0056944 0.001025 MXB_21
9538.851939 0.0039936 0.001282 MXB_21
9539.810523 -0.0076712 0.001288 MXB_21
9539.85581 -0.0056985 0.001079 MXB_21
9539.993407 -0.0022634 0.001539 MXB_21
9540.051451 -0.001092 0.001408 MXB_21
9515.038535 -0.0060045 0.000763 MXR_21
9520.127913 -0.0008909 0.00079 MXR_21
9525.864795 0.0177224 0.000973 MXR_21
9529.920155 -0.0073941 0.00084 MXR_21
9537.989318 -0.0056944 0.000648 MXR_21
9538.851939 0.0039936 0.000726 MXR_21
9539.810523 -0.0076712 0.000637 MXR_21
9539.85581 -0.0056985 0.000617 MXR_21
9539.993407 -0.0022634 0.00091 MXR_21
9540.051451 -0.001092 0.000787 MXR_21
9119.989603 0.0036678 0.0032719 IRD
9120.000354 0.0036678 0.0036645 IRD
9123.015415 -0.0086639 0.0031073 IRD
9123.02619 -0.0086639 0.0031735 IRD
9123.037015 -0.0086639 0.0031531 IRD
9153.023226 0.0127952 0.0038915 IRD
9153.033987 0.0127952 0.0036225 IRD
9156.942314 -0.0116851 0.003804 IRD
9156.953025 -0.0116851 0.0038212 IRD
9157.026922 -0.0116851 0.003844 IRD
9157.037603 -0.0116851 0.0038118 IRD
9188.868942 0.0094809 0.0037335 IRD
9188.879625 0.0094809 0.0051192 IRD
9188.956892 0.0072906 0.0030607 IRD
9188.971098 0.0072906 0.003456 IRD
9188.985306 0.0072906 0.0030533 IRD
9189.797707 0.0001286 0.0031819 IRD
9189.808401 0.0001286 0.0031776 IRD
9189.867771 0.0001286 0.0031258 IRD
9189.878453 0.0001286 0.0030828 IRD
9242.89031 -0.0001305 0.0041009 IRD
9242.900989 -0.0001305 0.0040777 IRD
9242.911671 -0.0001305 0.0040778 IRD
9242.92235 -0.0001305 0.0042337 IRD
9242.933034 -0.0001305 0.0037677 IRD
9242.943732 -0.0001305 0.0040372 IRD
9244.837372 -0.0072374 0.003987 IRD
9244.848051 -0.0072374 0.0037792 IRD
9244.858748 -0.0072374 0.0037639 IRD
9244.928065 -0.0044177 0.0037607 IRD
9244.938749 -0.0044177 0.0038041 IRD
9247.74093 -0.008882 0.0048847 IRD
9247.749498 -0.008882 0.0045952 IRD
9247.758065 -0.008882 0.0046846 IRD
9247.766649 -0.008882 0.0052907 IRD
