 9069.67440000   0.00030573  0.00244029  CARMENES 
 9073.67030000   0.00063418  0.00491510  CARMENES 
 9095.67130000   -0.00071668  0.00215168  CARMENES 
 9097.67490000   -0.00022900  0.00281891  CARMENES 
 9098.67540000   0.00138365  0.00179403  CARMENES 
 9099.66930000   -0.00106368  0.00214174  CARMENES 
 9101.68590000   -0.00105304  0.00263951  CARMENES 
 9102.68450000   -0.00208805  0.00371675  CARMENES 
 9103.67770000   -0.00004780  0.00185357  CARMENES 
 9114.71060000   0.00151966  0.00326768  CARMENES 
 9118.69660000   -0.00171680  0.00247017  CARMENES 
 9120.67460000   0.00090895  0.00196281  CARMENES 
 9121.63520000   0.00044744  0.00191315  CARMENES 
 9122.68410000   -0.00030790  0.00183372  CARMENES 
 9127.68770000   0.00023725  0.00261959  CARMENES 
 9128.62230000   -0.00078495  0.00184365  CARMENES 
 9131.67230000   0.00067647  0.00182380  CARMENES 
 9132.67020000   0.00151918  0.00280894  CARMENES 
 9138.64850000   0.00170390  0.00333752  CARMENES 
 9139.44640000   -0.00157915  0.00291860  CARMENES 
 9139.54690000   0.00078396  0.00167503  CARMENES 
 9139.62410000   -0.00033169  0.00293854  CARMENES 
 9139.72920000   -0.00015456  0.00192308  CARMENES 
 9140.51960000   -0.00012835  0.00155619  CARMENES 
 9140.59650000   -0.00009919  0.00166512  CARMENES 
 9140.69630000   -0.00146646  0.00173451  CARMENES 
 9141.51710000   -0.00056574  0.00280894  CARMENES 
 9141.57920000   -0.00001961  0.00278900  CARMENES 
 9141.63970000   -0.00018338  0.00300834  CARMENES 
 9141.70270000   0.00203195  0.00259966  CARMENES 
 9142.51870000   0.00176173  0.00274913  CARMENES 
 9146.51840000   0.00009274  0.00291860  CARMENES 
 9146.60250000   0.00066241  0.00199262  CARMENES 
 9147.40800000   0.00031370  0.00213179  CARMENES 
 9147.51260000   -0.00032649  0.00286875  CARMENES 
 9149.41080000   -0.00099730  0.00295848  CARMENES 
 9149.50240000   -0.00162786  0.00249009  CARMENES 
 9149.59150000   -0.00030511  0.00276907  CARMENES 
 9149.69620000   -0.00158970  0.00395634  CARMENES 
 9150.38950000   -0.00184625  0.00231087  CARMENES 
 9151.62390000   0.00055301  0.00179403  CARMENES 
 9151.73090000   -0.00063941  0.00198268  CARMENES 
 9152.46450000   0.00120026  0.00175435  CARMENES 
 9153.38200000   0.00041545  0.00241042  CARMENES 
 9153.47170000   -0.00084726  0.00206219  CARMENES 
 9154.49920000   0.00037879  0.00177419  CARMENES 
 9154.62010000   0.00028585  0.00174443  CARMENES 
 9156.45180000   -0.00015261  0.00161559  CARMENES 
 9156.58530000   -0.00009445  0.00162549  CARMENES 
 9161.35990000   0.00075084  0.00326768  CARMENES 
 9161.45050000   0.00233585  0.00397631  CARMENES 
 9161.57320000   -0.00034257  0.00164531  CARMENES 
 9161.67240000   0.00088781  0.00219147  CARMENES 
 9163.37740000   -0.00059105  0.00299837  CARMENES 
 9163.49920000   -0.00143299  0.00303826  CARMENES 
 9173.89166300   0.00113980  0.00197357  MXB 2020 
 9173.98061900   -0.00085626  0.00152817  MXB 2020 
 9180.87360100   -0.00134921  0.00131761  MXB 2020 
 9180.95909500   0.00146602  0.00130015  MXB 2020 
 9181.03144600   -0.00006386  0.00152327  MXB 2020 
 9181.84025000   -0.00069114  0.00183059  MXB 2020 
 9181.93144000   0.00012647  0.00137885  MXB 2020 
 9182.01258800   0.00046043  0.00203183  MXB 2020 
 9182.81351100   -0.00094424  0.00217121  MXB 2020 
 9182.89215700   0.00126967  0.00154774  MXB 2020 
 9182.97942800   0.00013086  0.00146757  MXB 2020 
 9183.07998700   -0.00067514  0.00205850  MXB 2020 
 9183.76783100   -0.00058674  0.00228406  MXB 2020 
 9183.99423600   -0.00055061  0.00155361  MXB 2020 
 9184.07505300   0.00022160  0.00197061  MXB 2020 
 9185.03483500   0.00031512  0.00115909  MXB 2020 
 9173.89166300   0.00112636  0.00123827  MXR 2020 
 9173.98061900   -0.00086970  0.00101476  MXR 2020 
 9180.87360100   -0.00136265  0.00088735  MXR 2020 
 9180.95909500   0.00145259  0.00088735  MXR 2020 
 9181.03144600   -0.00007730  0.00096295  MXR 2020 
 9181.84025000   -0.00070458  0.00113841  MXR 2020 
 9181.93144000   0.00011303  0.00091431  MXR 2020 
 9182.01258800   0.00044700  0.00125755  MXR 2020 
 9182.81351100   -0.00095768  0.00130198  MXR 2020 
 9182.89215700   0.00125624  0.00099211  MXR 2020 
 9182.97942800   0.00011743  0.00094233  MXR 2020 
 9183.07998700   -0.00068858  0.00113746  MXR 2020 
 9183.76783100   -0.00060018  0.00114894  MXR 2020 
 9183.83016000   0.00038214  0.00165950  MXR 2020 
 9183.99423600   -0.00056405  0.00096014  MXR 2020 
 9184.07505300   0.00020817  0.00109830  MXR 2020 
 9185.03483500   0.00030168  0.00072710  MXR 2020 
 9515.03853500   0.00000116  0.00122248  MXB 2021 
 9520.12791300   0.00012660  0.00140772  MXB 2021 
 9525.86479500   0.00008409  0.00179368  MXB 2021 
 9529.92015500   -0.00001510  0.00141844  MXB 2021 
 9537.98931800   -0.00036291  0.00107362  MXB 2021 
 9538.85193900   0.00050304  0.00132120  MXB 2021 
 9539.81052300   -0.00116912  0.00132702  MXB 2021 
 9539.85581000   0.00053437  0.00112529  MXB 2021 
 9539.99340700   0.00009718  0.00157180  MXB 2021 
 9540.05145100   0.00056082  0.00144378  MXB 2021 
 9515.03853500   -0.00001110  0.00085272  MXR 2021 
 9520.12791300   0.00011434  0.00087696  MXR 2021 
 9525.86479500   0.00007183  0.00104484  MXR 2021 
 9529.92015500   -0.00002736  0.00092226  MXR 2021 
 9537.98931800   -0.00037517  0.00075157  MXR 2021 
 9538.85193900   0.00049078  0.00081978  MXR 2021 
 9539.81052300   -0.00118138  0.00074211  MXR 2021 
 9539.85581000   0.00052211  0.00072502  MXR 2021 
 9539.99340700   0.00008492  0.00098644  MXR 2021 
 9540.05145100   0.00054856  0.00087426  MXR 2021 
 9119.98960300   0.00094234  0.00329492  IRD 
 9120.00035400   0.00132187  0.00368506  IRD 
 9123.01541500   0.00013331  0.00313153  IRD 
 9123.02619000   -0.00025242  0.00319722  IRD 
 9123.03701500   -0.00064034  0.00317698  IRD 
 9153.02322600   0.00062900  0.00391087  IRD 
 9153.03398700   0.00048497  0.00364330  IRD 
 9156.94231400   -0.00010856  0.00382381  IRD 
 9156.95302500   0.00003253  0.00384093  IRD 
 9157.02692200   0.00007462  0.00386361  IRD 
 9157.03760300   -0.00005229  0.00383157  IRD 
 9188.86894200   0.00067947  0.00375369  IRD 
 9188.87962500   0.00099611  0.00513394  IRD 
 9188.95689200   -0.00000374  0.00308529  IRD 
 9188.97109800   0.00048390  0.00347780  IRD 
 9188.98530600   0.00095323  0.00307795  IRD 
 9189.79770700   -0.00034019  0.00320556  IRD 
 9189.80840100   -0.00037624  0.00320129  IRD 
 9189.86777100   -0.00112278  0.00314988  IRD 
 9189.87845300   -0.00133939  0.00310722  IRD 
 9242.89031000   0.00046532  0.00411929  IRD 
 9242.90098900   0.00027152  0.00409619  IRD 
 9242.91167100   0.00010513  0.00409629  IRD 
 9242.92235000   -0.00003183  0.00425151  IRD 
 9242.93303400   -0.00013780  0.00378770  IRD 
 9242.94373200   -0.00021145  0.00405588  IRD 
 9244.83737200   -0.00008633  0.00400591  IRD 
 9244.84805100   -0.00037729  0.00379914  IRD 
 9244.85874800   -0.00065683  0.00378392  IRD 
 9244.92806500   0.00079739  0.00378074  IRD 
 9244.93874900   0.00069465  0.00382391  IRD 
 9247.74093000   -0.00104923  0.00490015  IRD 
 9247.74949800   -0.00084401  0.00461162  IRD 
 9247.75806500   -0.00062514  0.00470070  IRD 
 9247.76664900   -0.00039354  0.00530496  IRD 
