 9069.67440000   -0.00145606  0.00386931  CARMENES 
 9073.67030000   0.00398655  0.00575976  CARMENES 
 9095.67130000   -0.00564206  0.00369409  CARMENES 
 9097.67490000   0.00444407  0.00411859  CARMENES 
 9098.67540000   0.00207069  0.00349787  CARMENES 
 9099.66930000   -0.00720058  0.00368830  CARMENES 
 9101.68590000   -0.00114113  0.00399795  CARMENES 
 9102.68450000   -0.00942242  0.00477816  CARMENES 
 9103.67770000   0.00487659  0.00352878  CARMENES 
 9114.71060000   0.00588264  0.00443782  CARMENES 
 9118.69660000   -0.00226066  0.00388822  CARMENES 
 9120.67460000   -0.00568295  0.00358736  CARMENES 
 9121.63520000   -0.00403874  0.00356043  CARMENES 
 9122.68410000   0.00430556  0.00351839  CARMENES 
 9127.68770000   -0.00134496  0.00398482  CARMENES 
 9128.62230000   0.00141960  0.00352358  CARMENES 
 9131.67230000   0.00375243  0.00351323  CARMENES 
 9132.67020000   0.00363473  0.00411177  CARMENES 
 9138.64850000   0.00436380  0.00448950  CARMENES 
 9139.44640000   -0.00020064  0.00418746  CARMENES 
 9139.54690000   -0.00003963  0.00343836  CARMENES 
 9139.62410000   0.00336406  0.00420138  CARMENES 
 9139.72920000   -0.00000429  0.00356578  CARMENES 
 9140.51960000   -0.00169982  0.00338205  CARMENES 
 9140.59650000   -0.00150433  0.00343354  CARMENES 
 9140.69630000   0.00025686  0.00346772  CARMENES 
 9141.51710000   -0.00469291  0.00411177  CARMENES 
 9141.57920000   -0.00149530  0.00409818  CARMENES 
 9141.63970000   0.00009485  0.00425049  CARMENES 
 9141.70270000   -0.00246358  0.00397175  CARMENES 
 9142.51870000   0.00574839  0.00407115  CARMENES 
 9146.51840000   -0.00203645  0.00418746  CARMENES 
 9146.60250000   0.00403617  0.00360376  CARMENES 
 9147.40800000   -0.00282977  0.00368254  CARMENES 
 9147.51260000   -0.00082227  0.00415286  CARMENES 
 9149.41080000   -0.00417660  0.00421535  CARMENES 
 9149.50240000   -0.00302039  0.00390091  CARMENES 
 9149.59150000   -0.00221391  0.00408464  CARMENES 
 9149.69620000   -0.00044553  0.00496681  CARMENES 
 9150.38950000   -0.00539317  0.00378902  CARMENES 
 9151.62390000   -0.00351423  0.00349787  CARMENES 
 9151.73090000   0.00495272  0.00359828  CARMENES 
 9152.46450000   -0.00123063  0.00347768  CARMENES 
 9153.38200000   -0.00080817  0.00385054  CARMENES 
 9153.47170000   0.00218171  0.00364269  CARMENES 
 9154.49920000   -0.00021729  0.00348773  CARMENES 
 9154.62010000   -0.00046591  0.00347269  CARMENES 
 9156.45180000   0.00443788  0.00340979  CARMENES 
 9156.58530000   0.00303183  0.00341450  CARMENES 
 9161.35990000   0.00390408  0.00443782  CARMENES 
 9161.45050000   0.00668350  0.00498273  CARMENES 
 9161.57320000   0.00165184  0.00342397  CARMENES 
 9161.67240000   -0.00197684  0.00371740  CARMENES 
 9163.37740000   0.00036664  0.00424344  CARMENES 
 9163.49920000   -0.00398165  0.00427172  CARMENES 
 9173.89166300   -0.00266690  0.00220497  MXB 2020 
 9173.98061900   -0.00301838  0.00181719  MXB 2020 
 9180.87360100   -0.00006396  0.00164408  MXB 2020 
 9180.95909500   -0.00246275  0.00163012  MXB 2020 
 9181.03144600   0.00090952  0.00181308  MXB 2020 
 9181.84025000   0.00264444  0.00207797  MXB 2020 
 9181.93144000   0.00247427  0.00169356  MXB 2020 
 9182.01258800   -0.00176210  0.00225726  MXB 2020 
 9182.81351100   0.00214636  0.00238350  MXB 2020 
 9182.89215700   -0.00148856  0.00183368  MXB 2020 
 9182.97942800   -0.00063904  0.00176654  MXB 2020 
 9183.07998700   0.00085482  0.00228130  MXB 2020 
 9183.76783100   0.00344704  0.00248673  MXB 2020 
 9183.99423600   -0.00049327  0.00183864  MXB 2020 
 9184.07505300   0.00210530  0.00220232  MXB 2020 
 9185.03483500   0.00032700  0.00152000  MXB 2020 
 9173.89166300   0.00044886  0.00181731  MXR 2020 
 9173.98061900   0.00243138  0.00167303  MXR 2020 
 9180.87360100   -0.00037920  0.00159896  MXR 2020 
 9180.95909500   0.00122101  0.00159896  MXR 2020 
 9181.03144600   -0.00155072  0.00164212  MXR 2020 
 9181.84025000   0.00014219  0.00175079  MXR 2020 
 9181.93144000   -0.00035097  0.00161408  MXR 2020 
 9182.01258800   0.00216066  0.00183050  MXR 2020 
 9182.81351100   -0.00270888  0.00186130  MXR 2020 
 9182.89215700   -0.00061780  0.00165939  MXR 2020 
 9182.97942800   -0.00121428  0.00163012  MXR 2020 
 9183.07998700   -0.00023342  0.00175017  MXR 2020 
 9183.76783100   0.00377280  0.00175766  MXR 2020 
 9183.83016000   -0.00187553  0.00212679  MXR 2020 
 9183.99423600   -0.00073052  0.00164047  MXR 2020 
 9184.07505300   -0.00199594  0.00172498  MXR 2020 
 9185.03483500   0.00086676  0.00151590  MXR 2020 
 9515.03853500   -0.00140977  0.00145922  MXB 2021 
 9520.12791300   0.00110008  0.00161758  MXB 2021 
 9525.86479500   -0.00102527  0.00196269  MXB 2021 
 9529.92015500   -0.00096082  0.00162691  MXB 2021 
 9537.98931800   -0.00158332  0.00133699  MXB 2021 
 9538.85193900   0.00097555  0.00154287  MXB 2021 
 9539.81052300   0.00185380  0.00154786  MXB 2021 
 9539.85581000   0.00058033  0.00137882  MXB 2021 
 9539.99340700   0.00179251  0.00176222  MXB 2021 
 9540.05145100   -0.00074395  0.00164905  MXB 2021 
 9515.03853500   0.00110801  0.00133010  MXR 2021 
 9520.12791300   -0.00055114  0.00134577  MXR 2021 
 9525.86479500   0.00126351  0.00146073  MXR 2021 
 9529.92015500   0.00032996  0.00137572  MXR 2021 
 9537.98931800   0.00103746  0.00126764  MXR 2021 
 9538.85193900   -0.00068967  0.00130923  MXR 2021 
 9539.81052300   -0.00217442  0.00126205  MXR 2021 
 9539.85581000   -0.00005789  0.00125207  MXR 2021 
 9539.99340700   0.00017029  0.00141954  MXR 2021 
 9540.05145100   -0.00010417  0.00134401  MXR 2021 
 9119.98960300   0.00500251  0.00336698  IRD 
 9120.00035400   0.00733396  0.00374964  IRD 
 9123.01541500   0.00334803  0.00320727  IRD 
 9123.02619000   -0.00253454  0.00327144  IRD 
 9123.03701500   -0.00310989  0.00325166  IRD 
 9153.02322600   0.00145815  0.00397178  IRD 
 9153.03398700   0.00381199  0.00370860  IRD 
 9156.94231400   -0.00365915  0.00388608  IRD 
 9156.95302500   -0.00094171  0.00390292  IRD 
 9157.02692200   -0.00255871  0.00392525  IRD 
 9157.03760300   0.00069018  0.00389372  IRD 
 9188.86894200   0.00019361  0.00381710  IRD 
 9188.87962500   0.00422917  0.00518049  IRD 
 9188.95689200   -0.00312251  0.00316214  IRD 
 9188.97109800   -0.00060155  0.00354615  IRD 
 9188.98530600   0.00267623  0.00315498  IRD 
 9189.79770700   0.00469888  0.00327959  IRD 
 9189.80840100   -0.00101831  0.00327542  IRD 
 9189.86777100   -0.00338189  0.00322519  IRD 
 9189.87845300   -0.00249124  0.00318354  IRD 
 9242.89031000   -0.00145462  0.00417715  IRD 
 9242.90098900   -0.00066657  0.00415438  IRD 
 9242.91167100   -0.00034946  0.00415448  IRD 
 9242.92235000   0.00060116  0.00430760  IRD 
 9242.93303400   -0.00432401  0.00385056  IRD 
 9242.94373200   0.00355165  0.00411464  IRD 
 9244.83737200   -0.00196152  0.00406539  IRD 
 9244.84805100   0.00079696  0.00386181  IRD 
 9244.85874800   -0.00295755  0.00384684  IRD 
 9244.92806500   0.00250489  0.00384371  IRD 
 9244.93874900   0.00542168  0.00388618  IRD 
 9247.74093000   0.00071750  0.00494889  IRD 
 9247.74949800   0.00304161  0.00466338  IRD 
 9247.75806500   -0.00353653  0.00475150  IRD 
 9247.76664900   -0.00467983  0.00535002  IRD 
